
---------------------------
Algorithm: 1
Number array reversed: [6, 5, 4, 3, 2]
Actual Number: [2, 3, 4, 5, 6]
x: [None, 2, 1, 1]
P1: [2, 1, 1, 1, 2]
y: [None, 2, 1]
P2: [2, 1, 1, 2, 0]
z: [None, 2, 3]
P3: [2, 3, 2, 0, 0]
m(length of subarray x,y,z): 2		l(length of number): 5		base: 10
---------------------------

---------------------------
Algorithm: 1
Number array reversed: [3, 2, 5, 3, 4]
Actual Number: [4, 3, 5, 2, 3]
x: [None, 4, 0, 0]
P1: [4, 0, 0, 0, 4]
y: [None, 2, 7]
P2: [2, 7, 7, 2, 0]
z: [None, 7, 4]
P3: [7, 4, 7, 0, 0]
m(length of subarray x,y,z): 2		l(length of number): 5		base: 10
---------------------------

---------------------------
Algorithm: 1
Number array reversed: [5, 4, 3, 2, 3, 2, 5, 3, 2]
Actual Number: [2, 3, 5, 2, 3, 2, 3, 4, 5]
x: [None, 2, 1, 1, 1, 1]
P1: [2, 1, 1, 1, 1, 1, 1, 1, 2]
y: [None, 2, 3, 1, 1]
P2: [2, 3, 1, 1, 1, 1, 3, 2, 0]
z: [None, 1, 0, 1, 0]
P3: [1, 0, 1, 0, 1, 0, 1, 0, 0]
m(length of subarray x,y,z): 4		l(length of number): 9		base: 10
---------------------------

---------------------------
Algorithm: 1
Number array reversed: [9, 3, 2, 6, 4, 9, 3, 2, 7, 4, 3, 2, 9, 4, 2, 3, 4, 3, 2]
Actual Number: [2, 3, 4, 3, 2, 4, 9, 2, 3, 4, 7, 2, 3, 9, 4, 6, 2, 3, 9]
x: [None, 2, 0, 0, 0, 0, 1, 0, 0, 0, 1]
P1: [2, 0, 0, 0, 0, 1, 0, 0, 0, 1, 0, 0, 0, 1, 0, 0, 0, 0, 2]
y: [None, 2, 8, 7, 7, 5, 0, 4, 3, 5]
P2: [2, 8, 7, 7, 5, 0, 4, 3, 5, 5, 3, 4, 0, 5, 7, 7, 8, 2, 0]
z: [None, 5, 5, 4, 8, 8, 7, 9, 8, 1]
P3: [5, 5, 4, 8, 8, 7, 9, 8, 1, 8, 9, 7, 8, 8, 4, 5, 5, 0, 0]
m(length of subarray x,y,z): 9		l(length of number): 19		base: 10
---------------------------

---------------------------
Algorithm: 1
Number array reversed: [3, 2, 4, 3, 2]
Actual Number: [2, 3, 4, 2, 3]
x: [None, 2, 0, 0]
P1: [2, 0, 0, 0, 2]
y: [None, 2, 4]
P2: [2, 4, 4, 2, 0]
z: [None, 9, 7]
P3: [9, 7, 9, 0, 0]
m(length of subarray x,y,z): 2		l(length of number): 5		base: 10
---------------------------

---------------------------
Algorithm: 2
Number array reversed: [3, 2, 1, 3, 2, 1, 3, 2]
Actual Number: [2, 3, 1, 2, 3, 1, 2, 3]
x: [None, 2, 0, 1, 0]
P1: [2, 0, 1, 0, 0, 1, 0, 2]
y: [None, 2, 1, 1, 3]
P2: [2, 1, 1, 3, 1, 1, 2, 0]
z: [None, 9, 0, 9]
P3: [9, 0, 9, 9, 0, 9, 0, 0]
m(length of subarray x,y,z): 4		l(length of number): 8		base: 10
---------------------------

---------------------------
Algorithm: 1
Number array reversed: [2, 4, 3, 5, 4, 3, 5, 3, 4]
Actual Number: [4, 3, 5, 3, 4, 5, 3, 4, 2]
x: [None, 4, 0, 0, 0, 0]
P1: [4, 0, 0, 0, 0, 0, 0, 0, 4]
y: [None, 2, 8, 7, 8]
P2: [2, 8, 7, 8, 8, 7, 8, 2, 0]
z: [None, 6, 5, 5, 6]
P3: [6, 5, 5, 6, 5, 5, 6, 0, 0]
m(length of subarray x,y,z): 4		l(length of number): 9		base: 10
---------------------------

---------------------------
Algorithm: 1
Number array reversed: [3, 4, 5, 4, 3]
Actual Number: [3, 4, 5, 4, 3]
x: [None, 3, 0, 0]
P1: [3, 0, 0, 0, 3]
y: [None, 3, 7]
P2: [3, 7, 7, 3, 0]
z: [None, 7, 6]
P3: [7, 6, 7, 0, 0]
m(length of subarray x,y,z): 2		l(length of number): 5		base: 10
---------------------------

---------------------------
Algorithm: 1
Number array reversed: [4, 5, 3, 2, 7, 8, 4, 3, 2, 6, 4, 8, 2, 6, 4, 8, 2, 6, 4, 7, 3, 2, 8, 4, 6, 3, 2, 8, 4, 5, 3, 2, 6, 4, 3, 2, 5, 8, 4, 2, 6, 4, 3, 8, 2, 4, 6, 3, 2, 9, 4, 3, 2, 4, 3, 2, 5, 4, 2, 5, 2, 3, 3, 2, 4, 3, 2]
Actual Number: [2, 3, 4, 2, 3, 3, 2, 5, 2, 4, 5, 2, 3, 4, 2, 3, 4, 9, 2, 3, 6, 4, 2, 8, 3, 4, 6, 2, 4, 8, 5, 2, 3, 4, 6, 2, 3, 5, 4, 8, 2, 3, 6, 4, 8, 2, 3, 7, 4, 6, 2, 8, 4, 6, 2, 8, 4, 6, 2, 3, 4, 8, 7, 2, 3, 5, 4]
x: [None, 2, 2, 1, 1, 1, 0, 1, 1, 1, 1, 1, 0, 0, 0, 1, 1, 1, 0, 0, 1, 0, 0, 1, 0, 0, 0, 0, 0, 0, 0, 0, 0, 0, 0]
P1: [2, 2, 1, 1, 1, 0, 1, 1, 1, 1, 1, 0, 0, 0, 1, 1, 1, 0, 0, 1, 0, 0, 1, 0, 0, 0, 0, 0, 0, 0, 0, 0, 0, 0, 0, 0, 0, 0, 0, 0, 0, 0, 0, 0, 1, 0, 0, 1, 0, 0, 1, 1, 1, 0, 0, 0, 1, 1, 1, 1, 1, 0, 1, 1, 1, 2, 2]
y: [None, 1, 2, 0, 0, 1, 6, 2, 0, 1, 4, 0, 9, 4, 4, 1, 1, 2, 2, 9, 0, 8, 6, 2, 8, 7, 7, 6, 8, 8, 9, 6, 6, 8]
P2: [1, 2, 0, 0, 1, 6, 2, 0, 1, 4, 0, 9, 4, 4, 1, 1, 2, 2, 9, 0, 8, 6, 2, 8, 7, 7, 6, 8, 8, 9, 6, 6, 8, 8, 6, 6, 9, 8, 8, 6, 7, 7, 8, 2, 6, 8, 0, 9, 2, 2, 1, 1, 4, 4, 9, 0, 4, 1, 0, 2, 6, 1, 0, 0, 2, 1, 0]
z: [None, 1, 1, 2, 1, 5, 2, 1, 2, 0, 1, 3, 9, 7, 1, 2, 6, 9, 3, 5, 5, 5, 5, 4, 6, 8, 5, 5, 9, 5, 5, 6, 5, 7]
P3: [1, 1, 2, 1, 5, 2, 1, 2, 0, 1, 3, 9, 7, 1, 2, 6, 9, 3, 5, 5, 5, 5, 4, 6, 8, 5, 5, 9, 5, 5, 6, 5, 7, 5, 6, 5, 5, 9, 5, 5, 8, 6, 4, 5, 5, 5, 5, 3, 9, 6, 2, 1, 7, 9, 3, 1, 0, 2, 1, 2, 5, 1, 2, 1, 1, 0, 0]
m(length of subarray x,y,z): 33		l(length of number): 67		base: 10
---------------------------

---------------------------
Algorithm: 1
Number array reversed: [4, 3, 2, 5, 4, 3, 5, 3, 4]
Actual Number: [4, 3, 5, 3, 4, 5, 2, 3, 4]
x: [None, 4, 0, 0, 0, 0]
P1: [4, 0, 0, 0, 0, 0, 0, 0, 4]
y: [None, 2, 6, 6, 8]
P2: [2, 6, 6, 8, 8, 6, 6, 2, 0]
z: [None, 8, 6, 5, 6]
P3: [8, 6, 5, 6, 5, 6, 8, 0, 0]
m(length of subarray x,y,z): 4		l(length of number): 9		base: 10
---------------------------

---------------------------
Algorithm: 1
Number array reversed: [5, 5, 4, 6, 5, 6, 5, 4, 6, 4, 3, 6, 5, 4, 6, 4, 5, 3, 5, 4, 3, 5, 4, 3, 6, 4, 3]
Actual Number: [3, 4, 6, 3, 4, 5, 3, 4, 5, 3, 5, 4, 6, 4, 5, 6, 3, 4, 6, 4, 5, 6, 5, 6, 4, 5, 5]
x: [None, 3, 0, 0, 0, 1, 1, 0, 0, 0, 0, 0, 0, 0, 0]
P1: [3, 0, 0, 0, 1, 1, 0, 0, 0, 0, 0, 0, 0, 0, 0, 0, 0, 0, 0, 0, 0, 1, 1, 0, 0, 0, 3]
y: [None, 3, 6, 4, 4, 3, 1, 9, 8, 7, 6, 6, 9, 7]
P2: [3, 6, 4, 4, 3, 1, 9, 8, 7, 6, 6, 9, 7, 7, 9, 6, 6, 7, 8, 9, 1, 3, 4, 4, 6, 3, 0]
z: [None, 9, 8, 9, 1, 1, 4, 6, 5, 8, 7, 6, 6, 7]
P3: [9, 8, 9, 1, 1, 4, 6, 5, 8, 7, 6, 6, 7, 6, 6, 7, 8, 5, 6, 4, 1, 1, 9, 8, 9, 0, 0]
m(length of subarray x,y,z): 13		l(length of number): 27		base: 10
---------------------------

---------------------------
Algorithm: 1
Number array reversed: [3, 6, 7, 5, 8, 0, 2, 3, 6, 7, 5, 4, 3, 6, 5, 7, 4, 9, 8, 3, 2, 6, 5, 9, 3, 8, 2, 5, 6, 4, 2, 7, 8, 5, 4, 3, 6, 7, 8, 5, 3, 2, 6, 5, 7, 0, 8, 4, 3, 6, 7, 8, 0, 4, 3, 6, 5, 7, 8, 4, 3, 2, 7, 5, 6, 8, 4, 3, 0, 9, 5, 4, 7, 8, 9, 5, 4, 3, 7, 4, 9, 6, 0, 9, 7, 8, 9, 6, 7, 9, 8, 5, 6, 7, 5, 6, 3, 6, 5, 6, 7, 8, 9, 7, 6, 8, 5, 6, 8, 4, 6, 5, 4, 5, 7, 6, 4, 5, 8, 6, 4, 5, 6, 8, 7]
Actual Number: [7, 8, 6, 5, 4, 6, 8, 5, 4, 6, 7, 5, 4, 5, 6, 4, 8, 6, 5, 8, 6, 7, 9, 8, 7, 6, 5, 6, 3, 6, 5, 7, 6, 5, 8, 9, 7, 6, 9, 8, 7, 9, 0, 6, 9, 4, 7, 3, 4, 5, 9, 8, 7, 4, 5, 9, 0, 3, 4, 8, 6, 5, 7, 2, 3, 4, 8, 7, 5, 6, 3, 4, 0, 8, 7, 6, 3, 4, 8, 0, 7, 5, 6, 2, 3, 5, 8, 7, 6, 3, 4, 5, 8, 7, 2, 4, 6, 5, 2, 8, 3, 9, 5, 6, 2, 3, 8, 9, 4, 7, 5, 6, 3, 4, 5, 7, 6, 3, 2, 0, 8, 5, 7, 6, 3]
x: [None, 7, 0, 0, 1, 1, 1, 0, 1, 1, 1, 1, 1, 1, 0, 0, 0, 0, 0, 1, 1, 0, 1, 0, 1, 0, 1, 0, 0, 1, 1, 1, 0, 0, 1, 0, 1, 0, 0, 1, 1, 1, 0, 1, 1, 0, 0, 1, 0, 0, 1, 1, 1, 1, 0, 1, 0, 0, 0, 1, 1, 0, 0, 0]
P1: [7, 0, 0, 1, 1, 1, 0, 1, 1, 1, 1, 1, 1, 0, 0, 0, 0, 0, 1, 1, 0, 1, 0, 1, 0, 1, 0, 0, 1, 1, 1, 0, 0, 1, 0, 1, 0, 0, 1, 1, 1, 0, 1, 1, 0, 0, 1, 0, 0, 1, 1, 1, 1, 0, 1, 0, 0, 0, 1, 1, 0, 0, 0, 0, 0, 1, 1, 0, 0, 0, 1, 0, 1, 1, 1, 1, 0, 0, 1, 0, 0, 1, 1, 0, 1, 1, 1, 0, 0, 1, 0, 1, 0, 0, 1, 1, 1, 0, 0, 1, 0, 1, 0, 1, 0, 1, 1, 0, 0, 0, 0, 0, 1, 1, 1, 1, 1, 1, 0, 1, 1, 1, 0, 0, 7]
y: [None, 7, 6, 6, 3, 4, 4, 9, 1, 5, 6, 4, 3, 4, 7, 5, 8, 7, 8, 7, 5, 9, 6, 9, 1, 9, 0, 9, 9, 0, 0, 3, 7, 5, 5, 9, 2, 6, 9, 0, 0, 4, 1, 5, 8, 7, 7, 0, 7, 7, 3, 6, 6, 2, 7, 2, 0, 7, 5, 6, 4, 5, 9]
P2: [7, 6, 6, 3, 4, 4, 9, 1, 5, 6, 4, 3, 4, 7, 5, 8, 7, 8, 7, 5, 9, 6, 9, 1, 9, 0, 9, 9, 0, 0, 3, 7, 5, 5, 9, 2, 6, 9, 0, 0, 4, 1, 5, 8, 7, 7, 0, 7, 7, 3, 6, 6, 2, 7, 2, 0, 7, 5, 6, 4, 5, 9, 9, 5, 4, 6, 5, 7, 0, 2, 7, 2, 6, 6, 3, 7, 7, 0, 7, 7, 8, 5, 1, 4, 0, 0, 9, 6, 2, 9, 5, 5, 7, 3, 0, 0, 9, 9, 0, 9, 1, 9, 6, 9, 5, 7, 8, 7, 8, 5, 7, 4, 3, 4, 6, 5, 1, 9, 4, 4, 3, 6, 6, 7, 0]
z: [None, 9, 8, 0, 1, 3, 5, 2, 0, 0, 0, 0, 0, 8, 8, 9, 8, 6, 0, 0, 7, 2, 8, 5, 6, 4, 6, 3, 5, 4, 3, 8, 9, 2, 9, 4, 9, 9, 7, 6, 4, 8, 0, 0, 6, 9, 2, 6, 7, 5, 1, 0, 1, 7, 6, 9, 5, 8, 1, 1, 9, 7, 2]
P3: [9, 8, 0, 1, 3, 5, 2, 0, 0, 0, 0, 0, 8, 8, 9, 8, 6, 0, 0, 7, 2, 8, 5, 6, 4, 6, 3, 5, 4, 3, 8, 9, 2, 9, 4, 9, 9, 7, 6, 4, 8, 0, 0, 6, 9, 2, 6, 7, 5, 1, 0, 1, 7, 6, 9, 5, 8, 1, 1, 9, 7, 2, 7, 9, 1, 1, 8, 5, 9, 6, 7, 1, 0, 1, 5, 7, 6, 2, 9, 6, 0, 0, 8, 4, 6, 7, 9, 9, 4, 9, 2, 9, 8, 3, 4, 5, 3, 6, 4, 6, 5, 8, 2, 7, 0, 0, 6, 8, 9, 8, 8, 0, 0, 0, 0, 0, 2, 5, 3, 1, 0, 8, 9, 0, 0]
m(length of subarray x,y,z): 62		l(length of number): 125		base: 10
---------------------------

---------------------------
Algorithm: 3
Number array reversed: [0, 0, 0, 0, 0, 1, 1]
Actual Number: [1, 1, 0, 0, 0, 0, 0]
x: [None, 1, 1, 0]
P1: [1, 1, 0, 0, 1, 1, 1]
y: [None, 8, 8, 8]
P2: [8, 8, 8, 8, 8, 0, 0]
z: [None, 1, 0]
P3: [1, 0, 0, 1, 0, 0, 0]
m(length of subarray x,y,z): 3		l(length of number): 7		base: 10
---------------------------

---------------------------
Algorithm: 3
Number array reversed: [0, 0, 0, 0, 0, 1, 1]
Actual Number: [1, 1, 0, 0, 0, 0, 0]
x: [None, 1, 1, 0]
P1: [1, 1, 0, 0, 1, 1, 1]
y: [None, 8, 8, 8]
P2: [8, 8, 8, 8, 8, 0, 0]
z: [None, 1, 0]
P3: [1, 0, 0, 1, 0, 0, 0]
m(length of subarray x,y,z): 3		l(length of number): 7		base: 10
---------------------------

---------------------------
Algorithm: 3
Number array reversed: [0, 1, 1, 1, 1, 1, 1]
Actual Number: [1, 1, 1, 1, 1, 1, 0]
x: [None, 1, 2, 0]
P1: [1, 2, 0, 0, 2, 1, 1]
y: [None, 8, 9, 8]
P2: [8, 9, 8, 9, 8, 0, 0]
z: [None, 1, 0]
P3: [1, 0, 0, 1, 0, 0, 0]
m(length of subarray x,y,z): 3		l(length of number): 7		base: 10
---------------------------

---------------------------
Algorithm: 3
Number array reversed: [1, 2, 1, 2, 1, 2, 1]
Actual Number: [1, 2, 1, 2, 1, 2, 1]
x: [None, 1, 2, 0]
P1: [1, 2, 0, 0, 2, 1, 1]
y: [None, 9, 0, 9]
P2: [9, 0, 9, 0, 9, 0, 0]
z: [None, 1, 0]
P3: [1, 0, 0, 1, 0, 0, 0]
m(length of subarray x,y,z): 3		l(length of number): 7		base: 10
---------------------------

---------------------------
Algorithm: 3
Number array reversed: [7, 6, 5, 4, 3, 2, 1]
Actual Number: [1, 2, 3, 4, 5, 6, 7]
x: [None, 1, 0, 0]
P1: [1, 0, 0, 0, 0, 1, 1]
y: [None, 2, 9, 8]
P2: [2, 9, 8, 9, 2, 0, 0]
z: [None, 4, 6]
P3: [4, 6, 6, 4, 0, 0, 0]
m(length of subarray x,y,z): 3		l(length of number): 7		base: 10
---------------------------

---------------------------
Algorithm: 1
Number array reversed: [5, 6, 7, 8, 9]
Actual Number: [9, 8, 7, 6, 5]
x: [None, 9, 0, 0]
P1: [9, 0, 0, 0, 9]
y: [None, 7, 7]
P2: [7, 7, 7, 7, 0]
z: [None, 9, 7]
P3: [9, 7, 9, 0, 0]
m(length of subarray x,y,z): 2		l(length of number): 5		base: 10
---------------------------

---------------------------
Algorithm: 4
Number array reversed: [0, 0, 0, 9, 8, 9, 0, 1]
Actual Number: [1, 0, 9, 8, 9, 0, 0, 0]
x: [None, 1, 1, 1]
P1: [1, 1, 1, 1, 1, 1, 1, 1]
y: [None, 8, 6, 5]
P2: [8, 6, 5, 5, 6, 8, 0, 0]
z: [None, True, 2, 3]
P3: [True, 2, 3, 2, True, 0, 0, 0]
m(length of subarray x,y,z): 4		l(length of number): 8		base: 10
---------------------------

---------------------------
Algorithm: 5
Number array reversed: [0, 0, 0, 0, 0, 0, 1, 1]
Actual Number: [1, 1, 0, 0, 0, 0, 0, 0]
P1: [1, 1, 1, 2, 2, 1, 1, 1]
P2: [8, 6, 5, 5, 6, 8, 0, 0]
P3: [True, 2, 3, 2, True, 0, 0, 0]
m(length of subarray x,y,z): 4		l(length of number): 8		base: 10
---------------------------

---------------------------
Algorithm: 3
Number array reversed: [0, 0, 0, 0, 0, 1, 1]
Actual Number: [1, 1, 0, 0, 0, 0, 0]
x: [None, 1, 1, 0]
P1: [1, 1, 0, 0, 1, 1, 1]
y: [None, 8, 8, 8]
P2: [8, 8, 8, 8, 8, 0, 0]
z: [None, 1, 0]
P3: [1, 0, 0, 1, 0, 0, 0]
m(length of subarray x,y,z): 3		l(length of number): 7		base: 10
---------------------------

---------------------------
Algorithm: 4
Number array reversed: [0, 0, 0, 9, 8, 9, 0, 1]
Actual Number: [1, 0, 9, 8, 9, 0, 0, 0]
x: [None, 1, 1, 1]
P1: [1, 1, 1, 1, 1, 1, 1, 1]
y: [None, 8, 6, 5]
P2: [8, 6, 5, 5, 6, 8, 0, 0]
z: [None, True, 2, 3]
P3: [True, 2, 3, 2, True, 0, 0, 0]
m(length of subarray x,y,z): 4		l(length of number): 8		base: 10
---------------------------

---------------------------
Algorithm: 5
Number array reversed: [0, 0, 0, 0, 0, 0, 1, 1]
Actual Number: [1, 1, 0, 0, 0, 0, 0, 0]
P1: [1, 1, 1, 2, 2, 1, 1, 1]
P2: [8, 6, 5, 5, 6, 8, 0, 0]
P3: [True, 2, 3, 2, True, 0, 0, 0]
m(length of subarray x,y,z): 4		l(length of number): 8		base: 10
---------------------------

---------------------------
Algorithm: 4
Number array reversed: [0, 0, 0, 9, 8, 9, 0, 1]
Actual Number: [1, 0, 9, 8, 9, 0, 0, 0]
x: [None, 1, 1, 1]
P1: [1, 1, 1, 1, 1, 1, 1, 1]
y: [None, 8, 6, 5]
P2: [8, 6, 5, 5, 6, 8, 0, 0]
z: [None, True, 2, 3]
P3: [True, 2, 3, 2, True, 0, 0, 0]
m(length of subarray x,y,z): 4		l(length of number): 8		base: 10
---------------------------

---------------------------
Algorithm: 5
Number array reversed: [0, 0, 0, 0, 0, 0, 1, 1]
Actual Number: [1, 1, 0, 0, 0, 0, 0, 0]
P1: [1, 1, 1, 2, 2, 1, 1, 1]
P2: [8, 6, 5, 5, 6, 8, 0, 0]
P3: [True, 2, 3, 2, True, 0, 0, 0]
m(length of subarray x,y,z): 4		l(length of number): 8		base: 10
---------------------------

---------------------------
Algorithm: 4
Number array reversed: [0, 0, 0, 9, 8, 9, 0, 1]
Actual Number: [1, 0, 9, 8, 9, 0, 0, 0]
x: [None, 1, 1, 1]
P1: [1, 1, 1, 1, 1, 1, 1, 1]
y: [None, 8, 6, 5]
P2: [8, 6, 5, 5, 6, 8, 0, 0]
z: [None, True, 2, 3]
P3: [True, 2, 3, 2, True, 0, 0, 0]
m(length of subarray x,y,z): 4		l(length of number): 8		base: 10
---------------------------

---------------------------
Algorithm: 5
Number array reversed: [0, 0, 0, 0, 0, 0, 1, 1]
Actual Number: [1, 1, 0, 0, 0, 0, 0, 0]
P1: [1, 1, 1, 2, 2, 1, 1, 1]
P2: [8, 6, 5, 5, 6, 8, 0, 0]
P3: [True, 2, 3, 2, True, 0, 0, 0]
m(length of subarray x,y,z): 4		l(length of number): 8		base: 10
---------------------------

---------------------------
Algorithm: 4
Number array reversed: [0, 0, 0, 9, 8, 9, 0, 1]
Actual Number: [1, 0, 9, 8, 9, 0, 0, 0]
x: [None, 1, 1, 1]
P1: [1, 1, 1, 1, 1, 1, 1, 1]
y: [None, 8, 6, 5]
P2: [8, 6, 5, 5, 6, 8, 0, 0]
z: [None, True, 2, 3]
P3: [True, 2, 3, 2, True, 0, 0, 0]
m(length of subarray x,y,z): 4		l(length of number): 8		base: 10
---------------------------

---------------------------
Algorithm: 5
Number array reversed: [0, 0, 0, 0, 0, 0, 1, 1]
Actual Number: [1, 1, 0, 0, 0, 0, 0, 0]
P1: [1, 1, 1, 2, 2, 1, 1, 1]
P2: [8, 6, 5, 5, 6, 8, 0, 0]
P3: [True, 2, 3, 2, True, 0, 0, 0]
m(length of subarray x,y,z): 4		l(length of number): 8		base: 10
---------------------------

---------------------------
Algorithm: 4
Number array reversed: [0, 0, 0, 9, 8, 9, 0, 1]
Actual Number: [1, 0, 9, 8, 9, 0, 0, 0]
x: [None, 1, 1, 1]
P1: [1, 1, 1, 1, 1, 1, 1, 1]
y: [None, 8, 6, 5]
P2: [8, 6, 5, 5, 6, 8, 0, 0]
z: [None, True, 2, 3]
P3: [True, 2, 3, 2, True, 0, 0, 0]
m(length of subarray x,y,z): 4		l(length of number): 8		base: 10
---------------------------

---------------------------
Algorithm: 5
Number array reversed: [0, 0, 0, 0, 0, 0, 1, 1]
Actual Number: [1, 1, 0, 0, 0, 0, 0, 0]
P1: [1, 1, 1, 2, 2, 1, 1, 1]
P2: [8, 6, 5, 5, 6, 8, 0, 0]
P3: [True, 2, 3, 2, True, 0, 0, 0]
m(length of subarray x,y,z): 4		l(length of number): 8		base: 10
---------------------------

---------------------------
Algorithm: 4
Number array reversed: [0, 0, 0, 9, 8, 9, 0, 1]
Actual Number: [1, 0, 9, 8, 9, 0, 0, 0]
x: [None, 1, 1, 1]
P1: [1, 1, 1, 1, 1, 1, 1, 1]
y: [None, 8, 6, 5]
P2: [8, 6, 5, 5, 6, 8, 0, 0]
z: [None, True, 2, 3]
P3: [True, 2, 3, 2, True, 0, 0, 0]
m(length of subarray x,y,z): 4		l(length of number): 8		base: 10
---------------------------

---------------------------
Algorithm: 5
Number array reversed: [0, 0, 0, 0, 0, 0, 1, 1]
Actual Number: [1, 1, 0, 0, 0, 0, 0, 0]
P1: [1, 1, 1, 2, 2, 1, 1, 1]
P2: [8, 6, 5, 5, 6, 8, 0, 0]
P3: [True, 2, 3, 2, True, 0, 0, 0]
m(length of subarray x,y,z): 4		l(length of number): 8		base: 10
---------------------------

---------------------------
Algorithm: 2
Number array reversed: [0, 0, 0, 0, 0, 0, 1]
Actual Number: [1, 0, 0, 0, 0, 0, 0]
x: [None, 9, 7, 0]
P1: [9, 7, 0, 0, 7, 9, 0]
y: [None, 2, 0, 8]
P2: [2, 0, 8, 0, 2, 0, 0]
z: [None, 9, 1]
P3: [9, 1, 1, 9, 0, 0, 0]
m(length of subarray x,y,z): 3		l(length of number): 7		base: 10
---------------------------

---------------------------
Algorithm: 3
Number array reversed: [0, 0, 0, 0, 0, 1, 1]
Actual Number: [1, 1, 0, 0, 0, 0, 0]
x: [None, 1, 1, 0]
P1: [1, 1, 0, 0, 1, 1, 1]
y: [None, 8, 8, 8]
P2: [8, 8, 8, 8, 8, 0, 0]
z: [None, 1, 0]
P3: [1, 0, 0, 1, 0, 0, 0]
m(length of subarray x,y,z): 3		l(length of number): 7		base: 10
---------------------------

---------------------------
Algorithm: 3
Number array reversed: [0, 0, 0, 0, 0, 1, 1]
Actual Number: [1, 1, 0, 0, 0, 0, 0]
x: [None, 0, 1, 0]
P1: [0, 1, 0, 0, 1, 0, 1]
y: [None, 8, 8, 6]
P2: [8, 8, 6, 8, 8, 0, 0]
z: [None, 1, 2]
P3: [1, 2, 2, 1, 0, 0, 0]
m(length of subarray x,y,z): 3		l(length of number): 7		base: 10
---------------------------

---------------------------
Algorithm: 3
Number array reversed: [0, 0, 0, 0, 0, 1, 1]
Actual Number: [1, 1, 0, 0, 0, 0, 0]
x: [None, 0, 1, 0]
P1: [0, 1, 0, 0, 1, 0, 1]
y: [None, 8, 8, 7]
P2: [8, 8, 7, 8, 8, 0, 0]
z: [None, 1, 1]
P3: [1, 1, 1, 1, 0, 0, 0]
m(length of subarray x,y,z): 3		l(length of number): 7		base: 10
---------------------------

---------------------------
Algorithm: 3
Number array reversed: [0, 0, 0, 0, 0, 1, 1]
Actual Number: [1, 1, 0, 0, 0, 0, 0]
x: [None, 0, 1, 0]
P1: [0, 1, 0, 0, 1, 0, 1]
y: [None, 8, 8, 7]
P2: [8, 8, 7, 8, 8, 0, 0]
z: [None, 1, 1]
P3: [1, 1, 1, 1, 0, 0, 0]
m(length of subarray x,y,z): 3		l(length of number): 7		base: 10
---------------------------

---------------------------
Algorithm: 3
Number array reversed: [0, 0, 0, 0, 0, 1, 1]
Actual Number: [1, 1, 0, 0, 0, 0, 0]
x: [None, 0, 1, 0]
P1: [0, 1, 0, 0, 1, 0, 1]
y: [None, 8, 8, 7]
P2: [8, 8, 7, 8, 8, 0, 0]
z: [None, 1, 1]
P3: [1, 1, 1, 1, 0, 0, 0]
m(length of subarray x,y,z): 3		l(length of number): 7		base: 10
---------------------------

---------------------------
Algorithm: 3
Number array reversed: [0, 0, 0, 0, 0, 1, 1]
Actual Number: [1, 1, 0, 0, 0, 0, 0]
x: [None, 0, 1, 0]
P1: [1, 0, 1, 0, 1, 0, 1]
y: [None, 8, 8, 7]
P2: [8, 8, 7, 8, 8, 0, 0]
z: [None, 1, 1]
P3: [1, 1, 1, 1, 0, 0, 0]
m(length of subarray x,y,z): 3		l(length of number): 7		base: 10
---------------------------

---------------------------
Algorithm: 4
Number array reversed: [0, 0, 0, 9, 8, 9, 0, 1]
Actual Number: [1, 0, 9, 8, 9, 0, 0, 0]
x: [None, 1, 1, 1]
P1: [1, 1, 1, 1, 1, 1, 1, 1]
y: [None, 8, 6, 5]
P2: [8, 6, 5, 5, 6, 8, 0, 0]
z: [None, True, 2, 3]
P3: [True, 2, 3, 2, True, 0, 0, 0]
m(length of subarray x,y,z): 4		l(length of number): 8		base: 10
---------------------------

---------------------------
Algorithm: 5
Number array reversed: [0, 0, 0, 0, 0, 0, 1, 1]
Actual Number: [1, 1, 0, 0, 0, 0, 0, 0]
P1: [1, 1, 1, 2, 2, 1, 1, 1]
P2: [8, 6, 5, 5, 6, 8, 0, 0]
P3: [True, 2, 3, 2, True, 0, 0, 0]
m(length of subarray x,y,z): 4		l(length of number): 8		base: 10
---------------------------

---------------------------
Algorithm: 3
Number array reversed: [0, 0, 0, 0, 0, 0, 0, 1, 1]
Actual Number: [1, 1, 0, 0, 0, 0, 0, 0, 0]
x: [None, 0, 1, 0, 0]
P1: [1, 0, 1, 0, 0, 0, 1, 0, 1]
y: [None, 8, 8, 8, 9]
P2: [8, 8, 8, 9, 8, 8, 8, 0, 0]
z: [None, 1, 1, 0]
P3: [1, 1, 0, 0, 1, 1, 0, 0, 0]
m(length of subarray x,y,z): 4		l(length of number): 9		base: 10
---------------------------

---------------------------
Algorithm: 4
Number array reversed: [0, 0, 0, 0, 9, 8, 9, 9, 0, 1]
Actual Number: [1, 0, 9, 9, 8, 9, 0, 0, 0, 0]
x: [None, 1, 1, 1, 1]
P1: [1, 1, 1, 1, 1, 1, 1, 1, 1, 1]
y: [None, 8, 7, 6, 5]
P2: [8, 7, 6, 5, 5, 6, 7, 8, 0, 0]
z: [None, True, 1, 2, 3]
P3: [True, 1, 2, 3, 2, 1, True, 0, 0, 0]
m(length of subarray x,y,z): 5		l(length of number): 10		base: 10
---------------------------

---------------------------
Algorithm: 5
Number array reversed: [0, 0, 0, 0, 0, 0, 0, 0, 1, 1]
Actual Number: [1, 1, 0, 0, 0, 0, 0, 0, 0, 0]
P1: [1, 1, 1, 1, 2, 2, 1, 1, 1, 1]
P2: [8, 7, 6, 5, 5, 6, 7, 8, 0, 0]
P3: [True, 1, 2, 3, 2, 1, True, 0, 0, 0]
m(length of subarray x,y,z): 5		l(length of number): 10		base: 10
---------------------------

---------------------------
Algorithm: 4
Number array reversed: [0, 0, 0, 0, 9, 8, 9, 9, 0, 1]
Actual Number: [1, 0, 9, 9, 8, 9, 0, 0, 0, 0]
x: [None, 1, 1, 1, 1]
P1: [1, 1, 1, 1, 1, 1, 1, 1, 1, 1]
y: [None, 8, 7, 6, 5]
P2: [8, 7, 6, 5, 5, 6, 7, 8, 0, 0]
z: [None, 1, 1, 2, 3]
P3: [1, 1, 2, 3, 2, 1, 1, 0, 0, 0]
m(length of subarray x,y,z): 5		l(length of number): 10		base: 10
---------------------------

---------------------------
Algorithm: 5
Number array reversed: [0, 0, 0, 0, 0, 0, 0, 0, 1, 1]
Actual Number: [1, 1, 0, 0, 0, 0, 0, 0, 0, 0]
P1: [1, 1, 1, 1, 2, 2, 1, 1, 1, 1]
P2: [8, 7, 6, 5, 5, 6, 7, 8, 0, 0]
P3: [1, 1, 2, 3, 2, 1, 1, 0, 0, 0]
m(length of subarray x,y,z): 5		l(length of number): 10		base: 10
---------------------------

---------------------------
Algorithm: 4
Number array reversed: [0, 0, 0, 0, 9, 8, 9, 9, 0, 1]
Actual Number: [1, 0, 9, 9, 8, 9, 0, 0, 0, 0]
x: [None, 1, 1, 1, 1]
P1: [1, 1, 1, 1, 1, 1, 1, 1, 1, 1]
y: [None, 8, 7, 6, 5]
P2: [8, 7, 6, 5, 5, 6, 7, 8, 0, 0]
z: [None, 1, 1, 2, 3]
P3: [1, 1, 2, 3, 2, 1, 1, 0, 0, 0]
m(length of subarray x,y,z): 5		l(length of number): 10		base: 10
---------------------------

---------------------------
Algorithm: 5
Number array reversed: [0, 0, 0, 0, 0, 0, 0, 0, 1, 1]
Actual Number: [1, 1, 0, 0, 0, 0, 0, 0, 0, 0]
P1: [1, 1, 1, 1, 2, 2, 1, 1, 1, 1]
P2: [8, 7, 6, 5, 5, 6, 7, 8, 0, 0]
P3: [1, 1, 2, 3, 2, 1, 1, 0, 0, 0]
m(length of subarray x,y,z): 5		l(length of number): 10		base: 10
---------------------------

---------------------------
Algorithm: 4
Number array reversed: [0, 0, 0, 0, 9, 8, 9, 9, 0, 1]
Actual Number: [1, 0, 9, 9, 8, 9, 0, 0, 0, 0]
x: [None, 1, 1, 1, 1]
P1: [1, 1, 1, 1, 1, 1, 1, 1, 1, 1]
y: [None, 8, 7, 6, 5]
P2: [8, 7, 6, 5, 5, 6, 7, 8, 0, 0]
z: [None, 1, 1, 2, 3]
P3: [1, 1, 2, 3, 2, 1, 1, 0, 0, 0]
m(length of subarray x,y,z): 5		l(length of number): 10		base: 10
---------------------------

---------------------------
Algorithm: 5
Number array reversed: [0, 0, 0, 0, 0, 0, 0, 0, 1, 1]
Actual Number: [1, 1, 0, 0, 0, 0, 0, 0, 0, 0]
P1: [1, 1, 1, 1, 2, 2, 1, 1, 1, 1]
P2: [8, 7, 6, 5, 5, 6, 7, 8, 0, 0]
P3: [1, 1, 2, 3, 2, 1, 1, 0, 0, 0]
m(length of subarray x,y,z): 5		l(length of number): 10		base: 10
---------------------------

---------------------------
Algorithm: 4
Number array reversed: [0, 0, 0, 0, 9, 8, 9, 9, 0, 1]
Actual Number: [1, 0, 9, 9, 8, 9, 0, 0, 0, 0]
x: [None, 1, 1, 1, 1]
P1: [1, 1, 1, 1, 1, 1, 1, 1, 1, 1]
y: [None, 8, 7, 6, 5]
P2: [8, 7, 6, 5, 5, 6, 7, 8, 0, 0]
z: [None, 1, 1, 2, 3]
P3: [1, 1, 2, 3, 2, 1, 1, 0, 0, 0]
m(length of subarray x,y,z): 5		l(length of number): 10		base: 10
---------------------------

---------------------------
Algorithm: 5
Number array reversed: [0, 0, 0, 0, 0, 0, 0, 0, 1, 1]
Actual Number: [1, 1, 0, 0, 0, 0, 0, 0, 0, 0]
P1: [1, 1, 1, 1, 2, 2, 1, 1, 1, 1]
P2: [8, 7, 6, 5, 5, 6, 7, 8, 0, 0]
P3: [1, 1, 2, 3, 2, 1, 1, 0, 0, 0]
m(length of subarray x,y,z): 5		l(length of number): 10		base: 10
---------------------------

---------------------------
Algorithm: 4
Number array reversed: [0, 0, 0, 0, 9, 8, 9, 9, 0, 1]
Actual Number: [1, 0, 9, 9, 8, 9, 0, 0, 0, 0]
x: [None, 0, 1, 1, 1]
P1: [1, 0, 1, 1, 1, 1, 1, 1, 0, 1]
y: [None, 8, 7, 5, 4]
P2: [8, 7, 5, 4, 4, 5, 7, 8, 0, 0]
z: [None, 1, 2, 3, 4]
P3: [1, 2, 3, 4, 3, 2, 1, 0, 0, 0]
m(length of subarray x,y,z): 5		l(length of number): 10		base: 10
---------------------------

---------------------------
Algorithm: 5
Number array reversed: [0, 0, 0, 0, 0, 0, 0, 0, 1, 1]
Actual Number: [1, 1, 0, 0, 0, 0, 0, 0, 0, 0]
P1: [1, 0, 1, 1, 2, 2, 1, 1, 0, 1]
P2: [8, 7, 5, 4, 4, 5, 7, 8, 0, 0]
P3: [1, 2, 3, 4, 3, 2, 1, 0, 0, 0]
m(length of subarray x,y,z): 5		l(length of number): 10		base: 10
---------------------------

---------------------------
Algorithm: 4
Number array reversed: [0, 0, 0, 0, 9, 8, 9, 9, 0, 1]
Actual Number: [1, 0, 9, 9, 8, 9, 0, 0, 0, 0]
x: [None, 0, 1, 1, 1]
P1: [1, 0, 1, 1, 1, 1, 1, 1, 0, 1]
y: [None, 8, 7, 5, 4]
P2: [8, 7, 5, 4, 4, 5, 7, 8, 0, 0]
z: [None, 1, 2, 3, 4]
P3: [1, 2, 3, 4, 3, 2, 1, 0, 0, 0]
m(length of subarray x,y,z): 5		l(length of number): 10		base: 10
---------------------------

---------------------------
Algorithm: 5
Number array reversed: [0, 0, 0, 0, 0, 0, 0, 0, 1, 1]
Actual Number: [1, 1, 0, 0, 0, 0, 0, 0, 0, 0]
P1: [1, 0, 1, 1, 2, 2, 1, 1, 0, 1]
P2: [8, 7, 5, 4, 4, 5, 7, 8, 0, 0]
P3: [1, 2, 3, 4, 3, 2, 1, 0, 0, 0]
m(length of subarray x,y,z): 5		l(length of number): 10		base: 10
---------------------------

---------------------------
Algorithm: 2
Number array reversed: [4, 9, 0, 2, 3, 9, 0, 0, 1]
Actual Number: [1, 0, 0, 9, 3, 2, 0, 9, 4]
x: [None, 9, 9, 0, 0]
P1: [9, 9, 0, 0, 0, 0, 9, 9, 0]
y: [None, 1, 4, 7, 9]
P2: [1, 4, 7, 9, 7, 4, 1, 0, 0]
z: [None, 4, 5, 2]
P3: [4, 5, 2, 2, 5, 4, 0, 0, 0]
m(length of subarray x,y,z): 4		l(length of number): 9		base: 10
---------------------------

---------------------------
Algorithm: 2
Number array reversed: [5, 4, 3, 9, 4, 0, 3, 9, 3, 0, 1]
Actual Number: [1, 0, 3, 9, 3, 0, 4, 9, 3, 4, 5]
x: [None, 9, 9, 0, 0, 0]
P1: [9, 9, 0, 0, 0, 0, 0, 0, 9, 9, 0]
y: [None, 4, 6, 4, 2, 8]
P2: [4, 6, 4, 2, 8, 2, 4, 6, 4, 0, 0]
z: [None, 2, 8, 7, 6]
P3: [2, 8, 7, 6, 6, 7, 8, 2, 0, 0, 0]
m(length of subarray x,y,z): 5		l(length of number): 11		base: 10
---------------------------

---------------------------
Algorithm: 1
Number array reversed: [0, 0, 0, 0, 0, 0, 0, 1]
Actual Number: [1, 0, 0, 0, 0, 0, 0, 0]
x: [None, 9, 7, 0, 0]
P1: [9, 7, 0, 0, 0, 7, 9, 0]
y: [None, 2, 0, 8]
P2: [2, 0, 8, 8, 0, 2, 0, 0]
z: [None, 9, 1, 1]
P3: [9, 1, 1, 1, 9, 0, 0, 0]
m(length of subarray x,y,z): 3		l(length of number): 8		base: 10
---------------------------

---------------------------
Algorithm: 3
Number array reversed: [7, 6, 5, 4, 3, 2, 1]
Actual Number: [1, 2, 3, 4, 5, 6, 7]
x: [None, 2, 0, 0]
P1: [1, 2, 0, 0, 0, 2, 1]
y: [None, 2, 9, 9]
P2: [2, 9, 9, 9, 2, 0, 0]
z: [None, 4, 5]
P3: [4, 5, 5, 4, 0, 0, 0]
m(length of subarray x,y,z): 3		l(length of number): 7		base: 10
---------------------------

---------------------------
Algorithm: 4
Number array reversed: [8, 7, 6, 5, 4, 3, 2, 1]
Actual Number: [1, 2, 3, 4, 5, 6, 7, 8]
x: [None, 2, 0, 0]
P1: [1, 2, 0, 0, 0, 0, 2, 1]
y: [None, 2, 8, 7]
P2: [2, 8, 7, 7, 8, 2, 0, 0]
z: [None, 5, 7, 8]
P3: [5, 7, 8, 7, 5, 0, 0, 0]
m(length of subarray x,y,z): 4		l(length of number): 8		base: 10
---------------------------

---------------------------
Algorithm: 3
Number array reversed: [9, 8, 7, 6, 5, 4, 3, 2, 1]
Actual Number: [1, 2, 3, 4, 5, 6, 7, 8, 9]
x: [None, 2, 0, 0, 1]
P1: [1, 2, 0, 0, 1, 0, 0, 2, 1]
y: [None, 2, 7, 5, 5]
P2: [2, 7, 5, 5, 5, 7, 2, 0, 0]
z: [None, 6, 9, 1]
P3: [6, 9, 1, 1, 9, 6, 0, 0, 0]
m(length of subarray x,y,z): 4		l(length of number): 9		base: 10
---------------------------

---------------------------
Algorithm: 2
Number array reversed: [3, 5, 3, 4, 3, 3, 2, 8, 9, 3, 0, 1, 8, 0, 2, 3, 1, 0, 1]
Actual Number: [1, 0, 1, 3, 2, 0, 8, 1, 0, 3, 9, 8, 2, 3, 3, 4, 3, 5, 3]
x: [None, 9, 9, 0, 0, 1, 0, 0, 0, 1]
P1: [9, 9, 0, 0, 1, 0, 0, 0, 1, 1, 0, 0, 0, 1, 0, 0, 9, 9, 0]
y: [None, 2, 0, 6, 3, 7, 5, 2, 3, 4]
P2: [2, 0, 6, 3, 7, 5, 2, 3, 4, 3, 2, 5, 7, 3, 6, 0, 2, 0, 0]
z: [None, 2, 5, 6, 0, 5, 7, 9, 4]
P3: [2, 5, 6, 0, 5, 7, 9, 4, 4, 9, 7, 5, 0, 6, 5, 2, 0, 0, 0]
m(length of subarray x,y,z): 9		l(length of number): 19		base: 10
---------------------------

---------------------------
Algorithm: 2
Number array reversed: [5, 4, 2, 5, 4, 3, 6, 5, 4, 2, 3, 6, 5, 4, 5, 3, 5, 3, 1, 5, 4, 3, 5, 4, 2, 4, 2, 3]
Actual Number: [3, 2, 4, 2, 4, 5, 3, 4, 5, 1, 3, 5, 3, 5, 4, 5, 6, 3, 2, 4, 5, 6, 3, 4, 5, 2, 4, 5]
x: [None, 2, 2, 0, 1, 1, 1, 1, 1, 0, 0, 0, 0, 0, 0]
P1: [2, 2, 0, 1, 1, 1, 1, 1, 0, 0, 0, 0, 0, 0, 0, 0, 0, 0, 0, 0, 1, 1, 1, 1, 1, 0, 2, 2]
y: [None, 9, 9, 9, 1, 2, 1, 2, 1, 7, 5, 8, 8, 7, 6]
P2: [9, 9, 9, 1, 2, 1, 2, 1, 7, 5, 8, 8, 7, 6, 7, 8, 8, 5, 7, 1, 2, 1, 2, 1, 9, 9, 9, 0]
z: [None, 4, 2, 2, 2, 1, 1, 3, 3, 7, 6, 4, 7, 7]
P3: [4, 2, 2, 2, 1, 1, 3, 3, 7, 6, 4, 7, 7, 7, 7, 4, 6, 7, 3, 3, 1, 1, 2, 2, 2, 4, 0, 0]
m(length of subarray x,y,z): 14		l(length of number): 28		base: 10
---------------------------

---------------------------
Algorithm: 1
Number array reversed: [2, 3, 7, 5, 4, 6, 3, 2, 6, 5, 3, 6, 4, 3, 6, 3, 2, 5, 4, 3, 5, 4, 3, 6, 4, 3, 5]
Actual Number: [5, 3, 4, 6, 3, 4, 5, 3, 4, 5, 2, 3, 6, 3, 4, 6, 3, 5, 6, 2, 3, 6, 4, 5, 7, 3, 2]
x: [None, 5, 0, 1, 0, 0, 0, 0, 0, 0, 0, 1, 1, 1, 1]
P1: [5, 0, 1, 0, 0, 0, 0, 0, 0, 0, 1, 1, 1, 1, 1, 1, 1, 0, 0, 0, 0, 0, 0, 0, 1, 0, 5]
y: [None, 2, 8, 1, 8, 6, 7, 4, 5, 8, 4, 2, 5, 2]
P2: [2, 8, 1, 8, 6, 7, 4, 5, 8, 4, 2, 5, 2, 2, 5, 2, 4, 8, 5, 4, 7, 6, 8, 1, 8, 2, 0]
z: [None, 5, 4, 4, 7, 7, 8, 8, 6, 7, 0, 0, 0, 1]
P3: [5, 4, 4, 7, 7, 8, 8, 6, 7, 0, 0, 0, 1, 0, 0, 0, 7, 6, 8, 8, 7, 7, 4, 4, 5, 0, 0]
m(length of subarray x,y,z): 13		l(length of number): 27		base: 10
---------------------------

---------------------------
Algorithm: 3
Number array reversed: [0, 0, 0, 0, 0, 1, 1]
Actual Number: [1, 1, 0, 0, 0, 0, 0]
x: [None, 0, 1, 0]
P1: [1, 0, 1, 0, 1, 0, 1]
y: [None, 8, 8, 7]
P2: [8, 8, 7, 8, 8, 0, 0]
z: [None, 1, 1]
P3: [1, 1, 1, 1, 0, 0, 0]
m(length of subarray x,y,z): 3		l(length of number): 7		base: 10
---------------------------

---------------------------
Algorithm: 1
Number array reversed: [4, 4, 2, 3, 2]
Actual Number: [2, 3, 2, 4, 4]
x: [None, 2, 2, 1]
P1: [2, 2, 1, 2, 2]
y: [None, 1, 0]
P2: [1, 0, 0, 1, 0]
z: [None, 1, 2]
P3: [1, 2, 1, 0, 0]
m(length of subarray x,y,z): 2		l(length of number): 5		base: 10
---------------------------

---------------------------
Algorithm: 2
Number array reversed: [3, 6, 5, 4, 3, 6, 5, 4]
Actual Number: [4, 5, 6, 3, 4, 5, 6, 3]
x: [None, 4, 1, 0, 0]
P1: [4, 1, 0, 0, 0, 0, 1, 4]
y: [None, 4, 0, 8, 6]
P2: [4, 0, 8, 6, 8, 0, 4, 0]
z: [None, 5, 4, 7]
P3: [5, 4, 7, 7, 4, 5, 0, 0]
m(length of subarray x,y,z): 4		l(length of number): 8		base: 10
---------------------------

---------------------------
Algorithm: 1
Number array reversed: [5, 4, 5, 3, 4]
Actual Number: [4, 3, 5, 4, 5]
x: [None, 4, 0, 0]
P1: [4, 0, 0, 0, 4]
y: [None, 2, 5]
P2: [2, 5, 5, 2, 0]
z: [None, 9, 8]
P3: [9, 8, 9, 0, 0]
m(length of subarray x,y,z): 2		l(length of number): 5		base: 10
---------------------------

---------------------------
Algorithm: 1
Number array reversed: [2, 4, 3, 2, 4, 2, 3]
Actual Number: [3, 2, 4, 2, 3, 4, 2]
x: [None, 2, 3, 0, 0]
P1: [2, 3, 0, 0, 0, 3, 2]
y: [None, 9, 2, 3]
P2: [9, 2, 3, 3, 2, 9, 0]
z: [None, 1, 8, 9]
P3: [1, 8, 9, 8, 1, 0, 0]
m(length of subarray x,y,z): 3		l(length of number): 7		base: 10
---------------------------

---------------------------
Algorithm: 1
Number array reversed: [4, 4, 2, 3, 2]
Actual Number: [2, 3, 2, 4, 4]
x: [None, 2, 2, 1]
P1: [2, 2, 1, 2, 2]
y: [None, 1, 0]
P2: [1, 0, 0, 1, 0]
z: [None, 1, 2]
P3: [1, 2, 1, 0, 0]
m(length of subarray x,y,z): 2		l(length of number): 5		base: 10
---------------------------

---------------------------
Algorithm: 2
Number array reversed: [4, 2, 3, 4, 3, 2, 1, 2]
Actual Number: [2, 1, 2, 3, 4, 3, 2, 4]
x: [None, 1, 1, 0, 1]
P1: [1, 1, 0, 1, 1, 0, 1, 1]
y: [None, 9, 7, 8, 8]
P2: [9, 7, 8, 8, 8, 7, 9, 0]
z: [None, 4, 3, 4]
P3: [4, 3, 4, 4, 3, 4, 0, 0]
m(length of subarray x,y,z): 4		l(length of number): 8		base: 10
---------------------------

---------------------------
Algorithm: 3
Number array reversed: [3, 4, 4, 3, 2, 3, 2, 2, 1]
Actual Number: [1, 2, 2, 3, 2, 3, 4, 4, 3]
x: [None, 1, 2, 0, 0]
P1: [1, 1, 2, 0, 0, 0, 2, 1, 1]
y: [None, 9, 9, 8, 9]
P2: [9, 9, 8, 9, 8, 9, 9, 0, 0]
z: [None, 3, 3, 3]
P3: [3, 3, 3, 3, 3, 3, 0, 0, 0]
m(length of subarray x,y,z): 4		l(length of number): 9		base: 10
---------------------------

---------------------------
Algorithm: 1
Number array reversed: [5, 8, 4, 2, 6, 4, 8, 2, 3]
Actual Number: [3, 2, 8, 4, 6, 2, 4, 8, 5]
x: [None, 2, 3, 1, 1, 0]
P1: [2, 3, 1, 1, 0, 1, 1, 3, 2]
y: [None, 9, 3, 2, 4]
P2: [9, 3, 2, 4, 4, 2, 3, 9, 0]
z: [None, 4, 1, 1, 7]
P3: [4, 1, 1, 7, 1, 1, 4, 0, 0]
m(length of subarray x,y,z): 4		l(length of number): 9		base: 10
---------------------------
